-0.001947056578212377
-0.001095879157960039
-0.0010164382442758846
-0.0005851835855450863
0.00023088015108094407
0.0013811126778682675
0.0027276890617930027
0.0040515723886979365
0.005080726153710019
0.005536251106440533
0.0052071670058951944
0.0039859206825876145
0.0019389116325415445
-0.0006891231019923626
-0.0034889618631281836
-0.005938966072236584
-0.0074981226098426845
-0.007711607298912564
-0.00632219225888081
-0.003352470188907487
0.0008453651877161737
0.005613858164867088
0.01006691664254913
0.013232415391242182
0.014232455607211916
0.012470934921239709
0.007797974879842754
0.0006132229772912274
-0.00811553831042723
-0.016937322675105632
-0.024094034114334587
-0.027777289997339305
-0.02641998706681528
-0.01897943619376319
-0.005163784223694003
0.014443887476765036
0.038388990824367204
0.06448589279548596
0.09007729664509535
0.11238232488157801
0.12887428420041186
0.1376366015772796
0.1376366015772796
0.12887428420041186
0.11238232488157801
0.09007729664509535
0.06448589279548596
0.038388990824367204
0.014443887476765036
-0.005163784223694003
-0.01897943619376319
-0.02641998706681528
-0.027777289997339305
-0.024094034114334587
-0.016937322675105632
-0.00811553831042723
0.0006132229772912274
0.007797974879842754
0.012470934921239709
0.014232455607211916
0.013232415391242182
0.01006691664254913
0.005613858164867088
0.0008453651877161737
-0.003352470188907487
-0.00632219225888081
-0.007711607298912564
-0.0074981226098426845
-0.005938966072236584
-0.0034889618631281836
-0.0006891231019923626
0.0019389116325415445
0.0039859206825876145
0.0052071670058951944
0.005536251106440533
0.005080726153710019
0.0040515723886979365
0.0027276890617930027
0.0013811126778682675
0.00023088015108094407
-0.0005851835855450863
-0.0010164382442758846
-0.001095879157960039
-0.001947056578212377