-0.0020557353957391038
-0.0005980214305816955
0.0002932867197317277
0.0018619412845107652
0.0037591862266543722
0.0053870641774206845
0.0060729439767979
0.0053212057698191345
0.003059964559589801
-0.00022330144254251072
-0.0035555061598280457
-0.005764587653473758
-0.005879711272221097
-0.0035789349775318365
0.000592348376350699
0.005264639328630702
0.008650432144787392
0.009176053033749694
0.006139224302492374
0.00013286283621869003
-0.006967908018237665
-0.012528262798276563
-0.014061987043634589
-0.010228267698067044
-0.0015651248037015276
0.009392561894282779
0.018724082404380164
0.02237528263323629
0.01767539277504075
0.004615912556343034
-0.013602114678089541
-0.03104619499028204
-0.04053254030947246
-0.035736941220866306
-0.013311920126354682
0.025662828587114876
0.07543291077367972
0.12668126407285404
0.16876868229396108
0.19247848057871642
0.19247848057871642
0.16876868229396108
0.12668126407285404
0.07543291077367972
0.025662828587114876
-0.013311920126354682
-0.035736941220866306
-0.04053254030947246
-0.03104619499028204
-0.013602114678089541
0.004615912556343034
0.01767539277504075
0.02237528263323629
0.018724082404380164
0.009392561894282779
-0.0015651248037015276
-0.010228267698067044
-0.014061987043634589
-0.012528262798276563
-0.006967908018237665
0.00013286283621869003
0.006139224302492374
0.009176053033749694
0.008650432144787392
0.005264639328630702
0.000592348376350699
-0.0035789349775318365
-0.005879711272221097
-0.005764587653473758
-0.0035555061598280457
-0.00022330144254251072
0.003059964559589801
0.0053212057698191345
0.0060729439767979
0.0053870641774206845
0.0037591862266543722
0.0018619412845107652
0.0002932867197317277
-0.0005980214305816955
-0.0020557353957391038
