0.0006152393158077873
-0.0003808318728070492
-0.0005362300186277077
-0.0008002379189243682
-0.001139299663058692
-0.0015208109698448492
-0.001908740110772445
-0.002261740198534924
-0.0025345049980458694
-0.002680646944195386
-0.0026561524624931733
-0.0024246782434781755
-0.0019628072647158755
-0.0012634703475873723
-0.0003414554741366874
0.0007656377337806868
0.0019958070740332284
0.0032652140684030317
0.0044712352902021215
0.005500045555815241
0.006233155775293956
0.006559359212537792
0.006383398946193799
0.005638781471346056
0.004295998899725324
0.002372362198451872
-6.437619308050003e-05
-0.002891038077542692
-0.005936153200336485
-0.008980774393123447
-0.011773207057711923
-0.014040660033331811
-0.01550836820403543
-0.01591602177094278
-0.015041196874706174
-0.012712508117669968
-0.00883522699062017
-0.003392918175040256
0.0035394890495768954
0.011789446832024464
0.02109977168538311
0.03113228385367255
0.041487854562178066
0.051724683345303016
0.06138531054136906
0.07002096236633791
0.07722066509231605
0.08263348175599221
0.08599310393684993
0.0871318080548211
0.08599310393684993
0.08263348175599221
0.07722066509231605
0.07002096236633791
0.06138531054136906
0.051724683345303016
0.041487854562178066
0.03113228385367255
0.02109977168538311
0.011789446832024464
0.0035394890495768954
-0.003392918175040256
-0.00883522699062017
-0.012712508117669968
-0.015041196874706174
-0.01591602177094278
-0.01550836820403543
-0.014040660033331811
-0.011773207057711923
-0.008980774393123447
-0.005936153200336485
-0.002891038077542692
-6.437619308050003e-05
0.002372362198451872
0.004295998899725324
0.005638781471346056
0.006383398946193799
0.006559359212537792
0.006233155775293956
0.005500045555815241
0.0044712352902021215
0.0032652140684030317
0.0019958070740332284
0.0007656377337806868
-0.0003414554741366874
-0.0012634703475873723
-0.0019628072647158755
-0.0024246782434781755
-0.0026561524624931733
-0.002680646944195386
-0.0025345049980458694
-0.002261740198534924
-0.001908740110772445
-0.0015208109698448492
-0.001139299663058692
-0.0008002379189243682
-0.0005362300186277077
-0.0003808318728070492
0.0006152393158077873
