0.005882799777496697
0.008418333730422653
0.008264828093851198
0.0033492456909608548
-0.003569874134031827
-0.007317959757143527
-0.004716054088428958
0.0019871910675854816
0.006408475094266788
0.0037276841876174053
-0.004264085613078819
-0.009999909537631173
-0.0070651778131730104
0.002914307244876649
0.010645401662613125
0.007588830459415924
-0.00492548855179256
-0.01536357578658585
-0.01227613411363951
0.0036373742133649946
0.017973864042900085
0.015151920830207307
-0.005421651862008238
-0.025599794332269932
-0.02354333922110931
0.004136598099819117
0.03428699584654375
0.03449952691770221
-0.005727747582684221
-0.057164236630112955
-0.06612263082320657
0.0043900131130928865
0.1391979492223637
0.27215553988991575
0.32750156420475474
0.27215553988991575
0.1391979492223637
0.0043900131130928865
-0.06612263082320657
-0.057164236630112955
-0.005727747582684221
0.03449952691770221
0.03428699584654375
0.004136598099819117
-0.02354333922110931
-0.025599794332269932
-0.005421651862008238
0.015151920830207307
0.017973864042900085
0.0036373742133649946
-0.01227613411363951
-0.01536357578658585
-0.00492548855179256
0.007588830459415924
0.010645401662613125
0.002914307244876649
-0.0070651778131730104
-0.009999909537631173
-0.004264085613078819
0.0037276841876174053
0.006408475094266788
0.0019871910675854816
-0.004716054088428958
-0.007317959757143527
-0.003569874134031827
0.0033492456909608548
0.008264828093851198
0.008418333730422653
0.005882799777496697