0.006193831406902814
0.005053690033764012
-0.004778288831940022
-0.012671445264482413
-0.007166526967237051
0.0022878003824411673
-0.00014712081309383533
-0.007976899566439826
-0.0039042138618462984
0.006109235178190448
0.0024960488800591903
-0.008603914467468244
-0.00433333198721832
0.009098913878501817
0.0048058533317973
-0.010959090796846756
-0.006385794336828755
0.012465507850058963
0.007851369228049451
-0.01464539730939881
-0.00998261484143928
0.017171221014713918
0.012642709782892697
-0.02052945221699589
-0.01633855402622271
0.02507073532273426
0.02165053113246539
-0.03183057029602627
-0.030111832123315845
0.04316611195976907
0.04582993574693224
-0.06697060559476499
-0.08620304393073937
0.15311427481213397
0.4466974453540903
0.4466974453540903
0.15311427481213397
-0.08620304393073937
-0.06697060559476499
0.04582993574693224
0.04316611195976907
-0.030111832123315845
-0.03183057029602627
0.02165053113246539
0.02507073532273426
-0.01633855402622271
-0.02052945221699589
0.012642709782892697
0.017171221014713918
-0.00998261484143928
-0.01464539730939881
0.007851369228049451
0.012465507850058963
-0.006385794336828755
-0.010959090796846756
0.0048058533317973
0.009098913878501817
-0.00433333198721832
-0.008603914467468244
0.0024960488800591903
0.006109235178190448
-0.0039042138618462984
-0.007976899566439826
-0.00014712081309383533
0.0022878003824411673
-0.007166526967237051
-0.012671445264482413
-0.004778288831940022
0.005053690033764012
0.006193831406902814